-1157,3870,-2669,1494,558,-90,2019-06-04T19:18:14.000Z,42.494132833,-83.159295667,207.3,1.827
-481,2604,-1892,502,545,-822,2019-06-04T19:18:15.000Z,42.4941515,-83.159312667,206.0,1.898
71,1971,-2098,-188,-1652,82,2019-06-04T19:18:16.000Z,42.4941775,-83.159317667,205.3,3.244
-1628,2100,-3116,645,180,26,2019-06-04T19:18:17.000Z,42.4942065,-83.159327333,204.4,3.071
78,-1248,1284,-363,-197,138,2019-06-04T19:18:18.000Z,42.494230333,-83.159335,204.5,2.397
680,1312,-2143,153,501,-1000,2019-06-04T19:18:19.000Z,42.4942635,-83.159341833,204.5,3.81
-567,-53,1431,-22,1778,-617,2019-06-04T19:18:20.000Z,42.4942985,-83.159342167,203.9,3.573
1103,1373,-160,294,313,-850,2019-06-04T19:18:21.000Z,42.494332333,-83.159354333,201.3,3.329
747,-667,28,-57,283,-246,2019-06-04T19:18:22.000Z,42.494366167,-83.15937,198.8,3.877
-740,413,1153,529,162,65,2019-06-04T19:18:23.000Z,42.494406833,-83.159361333,200.0,4.493
393,641,-2011,631,922,-148,2019-06-04T19:18:24.000Z,42.4944415,-83.159362333,200.2,3.197
-1239,825,-663,641,357,-187,2019-06-04T19:18:25.000Z,42.494487333,-83.1593685,200.7,5.052
-579,-321,1657,-1661,-958,668,2019-06-04T19:18:26.000Z,42.494537167,-83.159373833,201.1,5.264
-181,-1190,1428,83,-115,214,2019-06-04T19:18:27.000Z,42.494580833,-83.159387667,200.1,3.86
1514,-277,3393,-21,603,-272,2019-06-04T19:18:28.000Z,42.494632333,-83.159396167,199.6,5.449
644,-1200,3401,189,-277,-820,2019-06-04T19:18:29.000Z,42.494676167,-83.159406833,197.7,3.556
-863,1124,-1643,347,945,-855,2019-06-04T19:18:30.000Z,42.494724333,-83.159414,197.1,5.378
442,-792,2052,564,-208,-518,2019-06-04T19:18:31.000Z,42.494779667,-83.159425333,195.1,5.78
-548,-2206,1955,-491,193,512,2019-06-04T19:18:32.000Z,42.494840333,-83.159434833,192.8,5.497
-1051,423,1156,1256,-329,475,2019-06-04T19:18:33.000Z,42.4948945,-83.159440333,191.0,5.052
125,9,-219,-276,74,-3,2019-06-04T19:18:34.000Z,42.4949455,-83.1594525,190.0,4.976
1536,-1102,1569,83,-33,-478,2019-06-04T19:18:35.000Z,42.494994,-83.159463167,188.6,5.21
-400,-2499,1029,-497,724,-311,2019-06-04T19:18:36.000Z,42.495049,-83.1594795,187.1,5.942
800,1840,-1524,1507,-791,180,2019-06-04T19:18:37.000Z,42.495107167,-83.159482,186.6,5.867
-937,2622,-4247,473,1676,-499,2019-06-04T19:18:38.000Z,42.495156333,-83.159487667,185.2,4.609
280,-995,-5637,-687,252,-35,2019-06-04T19:18:39.000Z,42.4952,-83.159489167,184.8,4.468
516,2621,272,1269,-1091,275,2019-06-04T19:18:40.000Z,42.495254833,-83.159492167,185.1,5.803
3044,696,20357,3684,2844,-1351,2019-06-04T19:18:41.000Z,42.495317667,-83.159512667,183.3,5.945
-948,924,1500,-299,-291,121,2019-06-04T19:18:42.000Z,42.495376333,-83.159519333,183.7,6.208
107,905,-823,308,-488,-267,2019-06-04T19:18:43.000Z,42.495436167,-83.159523167,184.2,6.221
-1180,914,-2720,233,921,-392,2019-06-04T19:18:44.000Z,42.495494167,-83.159532167,183.9,6.166
1428,576,-1039,-345,745,-235,2019-06-04T19:18:45.000Z,42.495546833,-83.159534,183.0,5.38
-1492,310,1077,-455,355,-10,2019-06-04T19:18:46.000Z,42.495603667,-83.1595315,183.0,5.947
1304,413,-2051,-299,731,-784,2019-06-04T19:18:47.000Z,42.495668167,-83.159527333,183.4,6.775
604,-378,381,-952,420,210,2019-06-04T19:18:48.000Z,42.495737,-83.159520167,184.3,6.788
297,-1617,297,-894,-367,72,2019-06-04T19:18:49.000Z,42.495781667,-83.159519,183.7,4.125
-1477,1469,-1920,-722,-183,406,2019-06-04T19:18:50.000Z,42.4958295,-83.159520667,184.6,5.047
1055,1484,-1602,-387,89,357,2019-06-04T19:18:51.000Z,42.495896833,-83.159526167,185.4,5.707
-329,-413,-1557,560,-190,-146,2019-06-04T19:18:52.000Z,42.495952667,-83.159523833,186.4,5.589
-340,-535,-574,-2096,-1335,-62,2019-06-04T19:18:53.000Z,42.496011833,-83.159524,188.2,5.996
-1572,1444,-269,395,238,230,2019-06-04T19:18:54.000Z,42.496061333,-83.159527,188.7,4.9
869,-5195,-3791,-934,-60,-179,2019-06-04T19:18:55.000Z,42.4960895,-83.159534833,188.2,2.638
1058,668,-1817,-1391,-171,126,2019-06-04T19:18:56.000Z,42.4961285,-83.159543,186.9,4.315
1733,1442,20716,1491,426,-430,2019-06-04T19:18:57.000Z,42.496176667,-83.159542167,187.2,5.172
-1041,1587,-3508,-1008,-45,123,2019-06-04T19:18:58.000Z,42.496218333,-83.159547,187.1,3.85
722,-18,-3843,7,456,-177,2019-06-04T19:18:59.000Z,42.4962595,-83.159546167,187.0,4.399
1895,-5718,6537,-1143,3054,-1007,2019-06-04T19:19:00.000Z,42.4963125,-83.159539667,187.2,5.266
-1319,2738,-2007,811,-205,295,2019-06-04T19:19:01.000Z,42.496383333,-83.159508333,189.7,6.983
291,43,637,-1295,-167,238,2019-06-04T19:19:02.000Z,42.4964435,-83.159495833,191.6,5.08
-2539,-1917,-4475,1678,219,647,2019-06-04T19:19:03.000Z,42.4965035,-83.159491833,193.3,5.481
1025,2026,-109,79,362,-300,2019-06-04T19:19:04.000Z,42.496588,-83.159488833,193.2,5.151
471,248,1013,-88,-220,228,2019-06-04T19:19:05.000Z,42.496627,-83.159483167,193.4,3.754
-145,87,190,455,343,72,2019-06-04T19:19:06.000Z,42.4966565,-83.159478333,193.9,2.707
-2298,1882,-2584,-8,3016,-1225,2019-06-04T19:19:07.000Z,42.496676333,-83.159483333,193.2,1.558
631,537,3837,-573,1862,-885,2019-06-04T19:19:08.000Z,42.496697167,-83.159488667,193.3,1.651
552,971,-938,781,2352,-1662,2019-06-04T19:19:09.000Z,42.496717,-83.159493333,193.3,1.979
432,2351,-1987,-707,2485,-229,2019-06-04T19:19:10.000Z,42.496739333,-83.159501333,192.3,2.252
244,2230,-5498,-958,299,872,2019-06-04T19:19:11.000Z,42.496766,-83.159511333,191.5,2.803
-3762,1591,-1581,-428,4502,1172,2019-06-04T19:19:12.000Z,42.4968,-83.159531167,191.4,3.913
607,3232,-6255,731,-4752,1011,2019-06-04T19:19:13.000Z,42.496834667,-83.159565333,190.9,4.38
-2076,-369,532,3115,1573,320,2019-06-04T19:19:14.000Z,42.496873333,-83.159598667,191.2,4.936
-2290,3777,-4645,26,-283,586,2019-06-04T19:19:15.000Z,42.496918833,-83.15962,190.3,5.031
751,2943,-4246,251,423,-258,2019-06-04T19:19:16.000Z,42.496967333,-83.159631833,189.4,5.193
1180,-772,-2160,-1384,330,-101,2019-06-04T19:19:17.000Z,42.497011,-83.159630167,189.9,4.463
-1713,1826,-9673,2051,-1899,-528,2019-06-04T19:19:18.000Z,42.497056,-83.159630833,189.4,4.578
774,-1696,5161,1083,367,515,2019-06-04T19:19:19.000Z,42.4971065,-83.159627667,189.9,5.221
-62,976,-2250,-264,1501,-127,2019-06-04T19:19:20.000Z,42.497160333,-83.159626,189.7,5.543
1429,-3634,-2748,-802,1025,-61,2019-06-04T19:19:21.000Z,42.4972165,-83.159626333,189.5,5.815
-755,-2205,-1961,1596,561,232,2019-06-04T19:19:22.000Z,42.4972735,-83.159629167,189.4,6.193
-3215,1190,1765,-376,767,176,2019-06-04T19:19:23.000Z,42.4973345,-83.159635167,189.0,6.318
-1483,4381,4661,593,-2070,-354,2019-06-04T19:19:24.000Z,42.497390167,-83.159644,188.0,5.942
-973,1291,-2414,-335,-76,567,2019-06-04T19:19:25.000Z,42.497448667,-83.159649667,187.7,6.211
782,535,1037,516,-960,91,2019-06-04T19:19:26.000Z,42.497506667,-83.159650167,187.4,6.096
-279,96,-635,1677,402,-426,2019-06-04T19:19:27.000Z,42.497560667,-83.159648333,187.4,5.63
-1323,2771,-1160,-162,451,-152,2019-06-04T19:19:28.000Z,42.497612667,-83.159650167,187.4,5.49
2259,-558,-4757,-494,-675,30,2019-06-04T19:19:29.000Z,42.497671,-83.159654,187.6,6.106
1438,-3594,4751,258,-478,-653,2019-06-04T19:19:30.000Z,42.4977175,-83.1596555,187.1,5.062
1056,-1801,-1396,-973,496,-163,2019-06-04T19:19:31.000Z,42.497759333,-83.159652167,187.1,4.479
-721,-2077,-2424,-114,-291,428,2019-06-04T19:19:32.000Z,42.497809667,-83.159653,185.9,5.142
2104,3316,23087,615,-2333,702,2019-06-04T19:19:33.000Z,42.497863667,-83.159655,185.4,5.563
-344,-1640,-1902,626,439,-92,2019-06-04T19:19:34.000Z,42.497922167,-83.1596545,186.1,5.804
87,-2081,-1619,1468,127,660,2019-06-04T19:19:35.000Z,42.49798,-83.159659833,185.6,5.905
961,268,-2503,-1097,1147,873,2019-06-04T19:19:36.000Z,42.498042667,-83.159663833,185.6,6.432
2730,-4490,4178,-1510,1069,684,2019-06-04T19:19:37.000Z,42.498089333,-83.159668333,185.2,5.11
5448,-4457,-1304,655,3831,-3659,2019-06-04T19:19:38.000Z,42.498149333,-83.159673833,184.7,5.779
-1031,-2408,-8823,183,1236,1512,2019-06-04T19:19:39.000Z,42.498207167,-83.159673667,184.4,5.772
-2023,6448,3320,101,-3804,938,2019-06-04T19:19:40.000Z,42.498266667,-83.159673667,184.7,6.013
-1235,5571,-19252,1020,-246,324,2019-06-04T19:19:41.000Z,42.498326667,-83.159673333,185.0,5.951
-635,-1558,-416,-1412,536,180,2019-06-04T19:19:42.000Z,42.498376,-83.1596755,185.3,4.936
190,266,-292,-1405,-204,576,2019-06-04T19:19:43.000Z,42.4984225,-83.159682833,184.9,4.888
-719,1407,-7864,1542,1834,-126,2019-06-04T19:19:44.000Z,42.498479167,-83.159684333,185.1,5.789
1395,-1110,2143,758,-649,544,2019-06-04T19:19:45.000Z,42.498530833,-83.159686333,185.0,5.369
5015,-211,9325,1231,160,-316,2019-06-04T19:19:46.000Z,42.498575667,-83.159685833,185.2,4.708
-1676,3492,-90,269,-741,-858,2019-06-04T19:19:47.000Z,42.498625167,-83.159689,185.4,4.882
-2944,-1622,-5325,66,319,-421,2019-06-04T19:19:48.000Z,42.498668,-83.159674833,186.1,4.514
-1259,6090,29246,-5683,80,1970,2019-06-04T19:19:49.000Z,42.498700667,-83.159638333,185.2,4.638
-470,-1858,-19332,-30,836,478,2019-06-04T19:19:50.000Z,42.498717667,-83.159583,184.5,4.949
-2016,565,3286,-324,1615,360,2019-06-04T19:19:51.000Z,42.498727333,-83.159523667,184.0,5.0
-3321,-5697,1175,-1560,3187,-1867,2019-06-04T19:19:52.000Z,42.4987395,-83.159462333,182.7,5.377
-11269,3349,20153,1211,200,1423,2019-06-04T19:19:53.000Z,42.498747167,-83.159398833,181.7,5.362
3843,-3814,16356,-1432,4494,-2563,2019-06-04T19:19:54.000Z,42.4987605,-83.159330667,181.9,5.45
-3252,-2075,1088,1142,-618,-32,2019-06-04T19:19:55.000Z,42.498773167,-83.159263333,181.2,5.684
1446,4398,24271,675,-3800,-444,2019-06-04T19:19:56.000Z,42.498791,-83.159199,180.4,5.577
9634,-4756,8278,13636,4569,812,2019-06-04T19:19:57.000Z,42.498820167,-83.159137167,180.3,5.583
534,5341,25193,774,-382,440,2019-06-04T19:19:58.000Z,42.498865667,-83.159095833,180.3,5.619
993,2163,8317,-2608,-3388,-502,2019-06-04T19:19:59.000Z,42.498917667,-83.1590865,180.1,5.699
2677,-2298,-465,-3180,549,-682,2019-06-04T19:20:00.000Z,42.4989765,-83.159086667,180.3,5.86
-604,2397,-1676,331,842,-798,2019-06-04T19:20:01.000Z,42.499031167,-83.159089833,180.1,5.694
-2098,-9095,11745,-978,-1522,-284,2019-06-04T19:20:02.000Z,42.499089,-83.159091833,179.7,5.772
3521,971,15613,2706,3559,-277,2019-06-04T19:20:03.000Z,42.499144333,-83.159096167,179.2,5.698
2253,-4095,-6024,3679,1099,1,2019-06-04T19:20:04.000Z,42.499199,-83.1591005,178.9,5.608
1599,7946,15258,-1338,664,-691,2019-06-04T19:20:05.000Z,42.499254,-83.159103333,178.7,5.693
-463,3577,-614,-3159,1383,518,2019-06-04T19:20:06.000Z,42.499313833,-83.159092667,179.5,6.188
6497,4433,12682,-3577,5560,784,2019-06-04T19:20:07.000Z,42.499358833,-83.159090667,179.6,4.889
1330,-4223,-6680,-2755,266,-4,2019-06-04T19:20:08.000Z,42.499411333,-83.159092833,180.0,5.159
-1603,3196,-20840,-2920,-1991,1936,2019-06-04T19:20:09.000Z,42.499467,-83.159096333,180.5,5.699
635,582,-13113,-308,-664,-190,2019-06-04T19:20:10.000Z,42.499517833,-83.159089833,180.5,5.284
-1432,2642,-11450,-4156,3006,-34,2019-06-04T19:20:11.000Z,42.499574,-83.1590865,180.8,5.573
1124,-1041,3513,-5511,-1565,-64,2019-06-04T19:20:12.000Z,42.499627167,-83.159087333,181.0,5.646
-780,1877,-1713,424,1582,-17,2019-06-04T19:20:13.000Z,42.499688167,-83.159089333,180.8,5.986
1177,3206,-11555,-4018,-656,754,2019-06-04T19:20:14.000Z,42.499748167,-83.159092833,180.8,6.03
1996,-3955,-8317,-145,957,171,2019-06-04T19:20:15.000Z,42.499809833,-83.159096167,180.8,6.063
2730,-5084,-4432,526,42,-1332,2019-06-04T19:20:16.000Z,42.499870333,-83.159094667,180.8,6.095
3240,-8122,13530,-667,-12272,1235,2019-06-04T19:20:17.000Z,42.4999285,-83.159091,180.7,6.061
332,7480,16367,16310,-16839,3814,2019-06-04T19:20:18.000Z,42.499984333,-83.159087,180.5,5.878
891,5339,-2551,6459,-2917,1437,2019-06-04T19:20:19.000Z,42.500041167,-83.159086833,180.8,5.834
3454,6457,9107,6357,12410,-4058,2019-06-04T19:20:20.000Z,42.50008,-83.15909,180.0,3.858
-120,5548,19074,1114,1823,-1828,2019-06-04T19:20:21.000Z,42.5001195,-83.159092833,180.0,4.043
-2370,2026,-7486,187,-1000,-122,2019-06-04T19:20:22.000Z,42.500179,-83.159101,180.5,5.706
-1476,-550,692,797,4219,0,2019-06-04T19:20:23.000Z,42.500237167,-83.1591065,181.8,5.747
4,269,11243,-3779,-3579,592,2019-06-04T19:20:24.000Z,42.500285833,-83.159117333,181.6,4.958
-283,1508,1274,2234,771,-283,2019-06-04T19:20:25.000Z,42.500341833,-83.159128333,180.4,5.65
-1432,-14943,13250,-4274,-2265,-760,2019-06-04T19:20:26.000Z,42.500395333,-83.1591345,179.7,5.418
-232,406,24284,-8326,3886,-1120,2019-06-04T19:20:27.000Z,42.500448833,-83.159138333,178.8,5.607
-1531,465,9622,5167,5885,-1922,2019-06-04T19:20:28.000Z,42.500503167,-83.159143833,178.4,5.612
446,3938,5401,-5932,-8112,1529,2019-06-04T19:20:29.000Z,42.500555833,-83.159136833,179.4,5.46
-263,5478,-8349,2210,1866,-260,2019-06-04T19:20:30.000Z,42.500616,-83.159135667,179.0,6.004
6764,-8226,8996,-2862,4154,-1317,2019-06-04T19:20:31.000Z,42.500675167,-83.159137833,178.4,6.004
1097,-4131,-4528,-87,2226,-113,2019-06-04T19:20:32.000Z,42.500733,-83.159141667,177.9,6.128
-1338,-1469,8018,6404,399,291,2019-06-04T19:20:33.000Z,42.500794667,-83.159143167,178.9,6.019
2007,15820,8327,4165,5082,-884,2019-06-04T19:20:34.000Z,42.500853333,-83.1591435,179.7,5.76
-1450,4527,15052,-2308,-789,-7,2019-06-04T19:20:35.000Z,42.500905333,-83.159144333,179.7,5.509
4101,-3129,4226,1360,-1301,-1732,2019-06-04T19:20:36.000Z,42.500950833,-83.1591445,180.2,4.778
1315,-5371,-3268,3725,1255,-774,2019-06-04T19:20:37.000Z,42.500998667,-83.1591475,180.3,4.829
-677,-5621,12524,3918,-11,-603,2019-06-04T19:20:38.000Z,42.5010515,-83.1591485,180.2,5.445
-692,-1742,-1564,5014,3317,-22,2019-06-04T19:20:39.000Z,42.5011065,-83.159154,180.2,5.796
370,4039,11006,4774,3356,-729,2019-06-04T19:20:40.000Z,42.5011645,-83.159158667,180.2,6.028
-2757,1582,2976,6018,2154,-2779,2019-06-04T19:20:41.000Z,42.501222667,-83.1591595,180.4,5.802
1472,7127,1364,8305,2588,-776,2019-06-04T19:20:42.000Z,42.501286167,-83.159157833,180.8,6.179
1327,2291,11917,-1517,4187,-706,2019-06-04T19:20:43.000Z,42.5013505,-83.159156833,181.2,6.344
690,-2192,-2450,900,1354,239,2019-06-04T19:20:44.000Z,42.501414,-83.1591575,181.4,6.388
-1136,1173,21268,5566,582,78,2019-06-04T19:20:45.000Z,42.501479,-83.159157333,181.7,6.48
2483,2245,3432,-3515,3120,-275,2019-06-04T19:20:46.000Z,42.501542167,-83.1591575,181.9,6.535
-1060,1330,-8714,-1424,822,-1020,2019-06-04T19:20:47.000Z,42.501604167,-83.159157667,182.1,6.392
-571,-9578,15989,-7512,-10212,3552,2019-06-04T19:20:48.000Z,42.501662167,-83.159162833,181.7,6.138
-932,2653,-1695,-4341,250,-114,2019-06-04T19:20:49.000Z,42.501716333,-83.1591715,180.9,5.815
1468,-1613,-16947,-280,1120,-650,2019-06-04T19:20:50.000Z,42.501773333,-83.159174833,180.7,5.977
-471,8154,8750,831,5792,-2287,2019-06-04T19:20:51.000Z,42.5018285,-83.159178833,180.0,5.82
-715,2819,-6645,2609,1623,492,2019-06-04T19:20:52.000Z,42.5018785,-83.159182333,180.2,5.369
745,2293,2651,2322,1365,-1235,2019-06-04T19:20:53.000Z,42.501926667,-83.1591845,180.6,5.154
-391,-1986,23169,4394,4065,-917,2019-06-04T19:20:54.000Z,42.501972667,-83.159189333,180.9,4.752
193,1238,121,9732,-668,-350,2019-06-04T19:20:55.000Z,42.502009667,-83.159210833,180.3,4.427
-4072,2205,9980,-11992,4750,-1466,2019-06-04T19:20:56.000Z,42.502040667,-83.159252833,180.1,4.522
576,37,6878,69,-883,102,2019-06-04T19:20:57.000Z,42.502054667,-83.159304167,180.4,4.564
-1350,9349,-15280,-1988,2220,-101,2019-06-04T19:20:58.000Z,42.502051833,-83.159352167,180.0,4.419
162,-2359,-3865,-196,1119,-82,2019-06-04T19:20:59.000Z,42.502040167,-83.159400833,180.4,4.828
108,2927,4503,3440,-3859,1092,2019-06-04T19:21:00.000Z,42.5020275,-83.159446667,179.6,4.116
745,2590,-7671,2629,16,-2,2019-06-04T19:21:01.000Z,42.502014833,-83.159499833,178.3,4.877
1367,-3496,-1405,-2134,584,-55,2019-06-04T19:21:02.000Z,42.5019985,-83.159547833,176.7,4.509
-8917,4677,18350,-17798,-2986,-522,2019-06-04T19:21:03.000Z,42.501983667,-83.159601167,174.7,4.796
881,-829,-2013,1660,1758,-245,2019-06-04T19:21:04.000Z,42.501970667,-83.159662167,173.8,5.42
434,1090,410,-1350,-2205,1492,2019-06-04T19:21:05.000Z,42.5019615,-83.159722,172.9,5.2
696,249,19123,-2368,413,-173,2019-06-04T19:21:06.000Z,42.501955167,-83.159784667,172.7,5.326
1928,-3106,24446,162,2445,-518,2019-06-04T19:21:07.000Z,42.501954167,-83.159854833,173.4,5.633
691,-1622,1536,2220,487,-342,2019-06-04T19:21:08.000Z,42.501954833,-83.159927167,174.0,5.924
514,-1258,-4020,1892,2614,-464,2019-06-04T19:21:09.000Z,42.5019545,-83.159991,174.2,5.237
-268,3089,-3645,4769,2913,-604,2019-06-04T19:21:10.000Z,42.501955,-83.160055,174.5,5.241
-1470,-816,22412,3781,-1147,977,2019-06-04T19:21:11.000Z,42.501960667,-83.160121333,174.9,5.394
1588,935,-1683,334,-288,-23,2019-06-04T19:21:12.000Z,42.5019645,-83.160188667,175.8,5.443
1696,484,-6788,-1842,1752,-860,2019-06-04T19:21:13.000Z,42.501969833,-83.1602565,176.3,5.469
-554,1000,-8569,609,1142,-651,2019-06-04T19:21:14.000Z,42.501978667,-83.160319667,175.7,5.116
1432,4109,-5536,750,-302,-342,2019-06-04T19:21:15.000Z,42.501994667,-83.160378167,175.3,5.049
-528,-241,-5812,-5467,-2640,-206,2019-06-04T19:21:16.000Z,42.502012667,-83.160435167,175.5,5.059
-118,-624,-8720,-1308,-101,-127,2019-06-04T19:21:17.000Z,42.502041333,-83.160483,176.3,4.939
-220,378,-7486,-3,775,-585,2019-06-04T19:21:18.000Z,42.502061833,-83.1605335,176.0,4.561
-216,2757,-3523,314,336,-162,2019-06-04T19:21:19.000Z,42.502075333,-83.160590333,176.1,4.715
285,-952,17442,-3834,-1443,-1004,2019-06-04T19:21:20.000Z,42.502096,-83.1606485,176.5,4.868
-2695,1034,16327,4469,2994,-739,2019-06-04T19:21:21.000Z,42.502123667,-83.160706667,176.2,5.152
3318,-3037,-4379,-4396,-625,-520,2019-06-04T19:21:22.000Z,42.502149167,-83.160763333,175.7,5.132
1323,3656,-9161,-860,-1443,-28,2019-06-04T19:21:23.000Z,42.502175,-83.160827167,176.0,5.579
6873,-7854,11531,-3441,4311,-2291,2019-06-04T19:21:24.000Z,42.502197,-83.160880333,175.3,4.757
-1999,1583,-15747,-4914,-193,536,2019-06-04T19:21:25.000Z,42.5022125,-83.1609325,174.2,4.28
-2390,-579,16905,6021,113,-482,2019-06-04T19:21:26.000Z,42.502231333,-83.160985167,173.8,4.34
463,-4991,-10437,4519,3257,383,2019-06-04T19:21:27.000Z,42.502251,-83.161036667,174.3,4.287
7888,-14099,11522,4922,11571,1711,2019-06-04T19:21:28.000Z,42.502272,-83.161092,174.2,4.683
-1850,3438,-9071,-3836,-1797,1109,2019-06-04T19:21:29.000Z,42.502287333,-83.16114,174.6,4.073
2619,1998,-13485,1266,1615,-115,2019-06-04T19:21:30.000Z,42.5022905,-83.161180167,175.6,3.159
-2447,1526,-12895,1652,-1133,880,2019-06-04T19:21:31.000Z,42.502312,-83.161237833,175.0,4.473
1175,-39,-4280,192,474,1203,2019-06-04T19:21:32.000Z,42.502338167,-83.161289167,175.0,4.341
-4400,-2516,6393,-7466,1072,-949,2019-06-04T19:21:33.000Z,42.502366167,-83.161331333,174.6,3.942
-8671,12471,4484,-13794,-5612,-1508,2019-06-04T19:21:34.000Z,42.502411,-83.161363,175.0,4.691
-1345,4002,611,-1999,2328,-1396,2019-06-04T19:21:35.000Z,42.502454,-83.161371667,175.3,4.619
-3073,-9450,-954,-20256,6691,-2111,2019-06-04T19:21:36.000Z,42.502491,-83.161354,175.4,4.458
-287,-4436,-21943,3247,1176,-191,2019-06-04T19:21:37.000Z,42.502530333,-83.161327167,175.3,4.86
1967,3299,-9945,789,-5701,1776,2019-06-04T19:21:38.000Z,42.502571833,-83.161300333,175.6,5.093
-1587,1465,-3690,-1415,2567,-382,2019-06-04T19:21:39.000Z,42.502615833,-83.161274833,176.0,5.25
7614,8957,10554,12352,5503,-1549,2019-06-04T19:21:40.000Z,42.502660667,-83.161248667,176.4,5.286
-1667,-1240,15731,1662,3222,-40,2019-06-04T19:21:41.000Z,42.502708167,-83.161225167,177.0,5.385
2935,-3796,10050,-849,-3049,1799,2019-06-04T19:21:42.000Z,42.502754167,-83.161196833,177.7,5.261
-1931,-2337,8867,-624,741,389,2019-06-04T19:21:43.000Z,42.502798333,-83.161167667,178.0,5.26
-2006,-4697,-1156,-491,-1116,-109,2019-06-04T19:21:44.000Z,42.502843,-83.161137333,178.2,5.415
1982,-7644,12753,-1069,4312,198,2019-06-04T19:21:45.000Z,42.502887167,-83.161105667,178.5,5.368
1133,4395,1321,-2470,-2055,492,2019-06-04T19:21:46.000Z,42.502932667,-83.161076,178.7,5.413
-1939,-225,-6612,6441,4394,-1016,2019-06-04T19:21:47.000Z,42.502977167,-83.161047167,178.7,5.294
-6217,8580,-4593,-7182,148,-1337,2019-06-04T19:21:48.000Z,42.503023667,-83.161018,179.1,5.45
2625,578,2671,-6180,-259,1837,2019-06-04T19:21:49.000Z,42.503066,-83.1609875,179.4,5.132
-3174,20285,-17188,-15040,-3143,-19,2019-06-04T19:21:50.000Z,42.503105333,-83.1609585,179.7,4.731
2209,-4907,-12340,-1944,-2103,563,2019-06-04T19:21:51.000Z,42.5031445,-83.160929333,180.1,4.572
-732,-4776,6319,-9810,-823,14,2019-06-04T19:21:52.000Z,42.503180333,-83.160903167,180.2,4.4
3683,4379,-5042,3658,-1218,-723,2019-06-04T19:21:53.000Z,42.5032115,-83.160883333,180.3,3.647
16,2960,-3619,970,736,-1168,2019-06-04T19:21:54.000Z,42.503240167,-83.160866667,180.6,3.318
227,471,-12512,-412,1697,-274,2019-06-04T19:21:55.000Z,42.503266167,-83.160850333,180.6,3.051
-783,-1683,4769,88,204,1284,2019-06-04T19:21:56.000Z,42.503290833,-83.1608355,180.8,2.803
-2042,1139,901,-410,1283,-259,2019-06-04T19:21:57.000Z,42.503316833,-83.1608225,181.1,2.84
531,-1166,-2675,-435,-22,249,2019-06-04T19:21:58.000Z,42.503341167,-83.1608165,181.2,2.641
-813,-1253,1429,450,-2073,902,2019-06-04T19:21:59.000Z,42.503368,-83.1608155,181.9,2.712
-573,1272,-1745,-799,1031,-1210,2019-06-04T19:22:00.000Z,42.503390333,-83.1608195,182.6,2.319
73,1939,439,2065,-299,400,2019-06-04T19:22:01.000Z,42.503404167,-83.160817,182.7,1.447
62,-3667,-2363,-4371,2863,-639,2019-06-04T19:22:02.000Z,42.503419,-83.160811333,183.3,1.556
1165,-223,2146,-349,-453,212,2019-06-04T19:22:03.000Z,42.503445,-83.160808667,183.9,2.356
-1034,1555,-1423,-1118,-1683,916,2019-06-04T19:22:04.000Z,42.503470333,-83.160813667,184.2,2.591
-307,471,-2776,2423,369,-14,2019-06-04T19:22:05.000Z,42.503495667,-83.160825167,184.4,2.683
496,-1428,4204,-113,-177,-260,2019-06-04T19:22:06.000Z,42.5035205,-83.160840833,184.7,2.875
1060,-1779,2051,-1240,948,-662,2019-06-04T19:22:07.000Z,42.503544833,-83.160862333,185.3,2.982
-1601,1297,-6424,-1471,-848,1219,2019-06-04T19:22:08.000Z,42.503566667,-83.160889833,185.6,3.07
321,-552,5944,-2828,-1665,-55,2019-06-04T19:22:09.000Z,42.5035745,-83.160927667,185.2,3.173
684,929,-7173,-5452,-1742,-136,2019-06-04T19:22:10.000Z,42.503574333,-83.160967167,184.9,3.136
1335,1356,-10674,822,1673,-279,2019-06-04T19:22:11.000Z,42.50357,-83.161006833,185.3,3.516
1908,1264,-7733,4481,3990,-1249,2019-06-04T19:22:12.000Z,42.503561,-83.161047,185.4,3.587
-1293,-1339,2298,2126,235,179,2019-06-04T19:22:13.000Z,42.503548,-83.161080833,185.0,3.242
-1366,1512,-2223,1609,50,-988,2019-06-04T19:22:14.000Z,42.503530333,-83.161115333,184.4,3.51
-263,-1481,-1817,1220,684,-861,2019-06-04T19:22:15.000Z,42.503505833,-83.161149833,184.4,4.123
1464,1035,-16943,1101,3865,-141,2019-06-04T19:22:16.000Z,42.503478167,-83.161178167,184.6,4.16
-4216,3979,-1450,4207,-1287,-48,2019-06-04T19:22:17.000Z,42.5034455,-83.161206833,184.7,4.64
3410,-5869,-5372,-2209,439,-153,2019-06-04T19:22:18.000Z,42.503409667,-83.161237333,185.0,5.002
238,-2796,10264,-177,-7047,2690,2019-06-04T19:22:19.000Z,42.503371333,-83.16127,185.1,5.198
-1901,1492,2944,-3199,3097,-434,2019-06-04T19:22:20.000Z,42.503332,-83.161301833,185.0,5.243
887,-6542,7208,-11653,-8442,732,2019-06-04T19:22:21.000Z,42.503290333,-83.1613315,184.8,5.361
-1166,-3142,-4917,-1680,79,-21,2019-06-04T19:22:22.000Z,42.5032465,-83.161364167,185.0,5.7
2385,-7280,-11279,-1704,-1339,-94,2019-06-04T19:22:23.000Z,42.503203,-83.161397833,185.0,5.628
1109,-2061,1696,-496,-615,634,2019-06-04T19:22:24.000Z,42.503159833,-83.161429667,184.3,5.486
339,-93,2491,-571,816,-360,2019-06-04T19:22:25.000Z,42.5031165,-83.161456167,183.9,5.44
-948,3914,-4238,-1185,1558,-653,2019-06-04T19:22:26.000Z,42.503071833,-83.161491833,183.6,5.742
2777,-5041,10065,15949,10595,-929,2019-06-04T19:22:27.000Z,42.5030275,-83.161527,183.3,5.69
-1752,6296,-2243,936,-594,811,2019-06-04T19:22:28.000Z,42.502984333,-83.1615645,183.3,5.74
-1611,-35,3883,-5994,-3273,487,2019-06-04T19:22:29.000Z,42.502940667,-83.161599333,183.2,5.677
1467,4221,-749,-3300,-678,520,2019-06-04T19:22:30.000Z,42.502898,-83.161635333,183.4,5.62
344,1839,344,-81,-227,647,2019-06-04T19:22:31.000Z,42.502855333,-83.161671,183.1,5.607
1925,-1525,-2977,3936,-3245,1995,2019-06-04T19:22:32.000Z,42.502813167,-83.1617055,182.7,5.48
-2979,2776,24409,-3129,2759,618,2019-06-04T19:22:33.000Z,42.5027745,-83.1617425,182.4,5.18
202,2060,-6413,418,796,-441,2019-06-04T19:22:34.000Z,42.502733833,-83.161779667,182.0,5.482
1224,14238,1493,6750,10510,-4182,2019-06-04T19:22:35.000Z,42.502691833,-83.1618155,181.8,5.53
403,5136,-10945,1983,831,-556,2019-06-04T19:22:36.000Z,42.5026495,-83.161848167,182.0,5.407
-741,-2788,-7181,1213,1115,-1089,2019-06-04T19:22:37.000Z,42.502608333,-83.161882667,181.9,5.397
-1030,2807,-5200,-2060,349,213,2019-06-04T19:22:38.000Z,42.502565833,-83.161914833,181.5,5.456
2564,-2489,-1526,243,764,-1152,2019-06-04T19:22:39.000Z,42.502520333,-83.1619415,181.2,5.537
119,-1699,-4577,1869,-1553,388,2019-06-04T19:22:40.000Z,42.5024745,-83.161974167,181.3,5.726
1009,-1913,4817,488,52,24,2019-06-04T19:22:41.000Z,42.502429167,-83.1620085,181.0,5.731
-295,443,-7237,-1879,-463,-192,2019-06-04T19:22:42.000Z,42.502379667,-83.162040333,181.1,6.049
-1599,3027,-18001,-1804,107,-587,2019-06-04T19:22:43.000Z,42.502337667,-83.162075667,180.9,5.524
2723,-2988,2873,1768,266,-33,2019-06-04T19:22:44.000Z,42.502292167,-83.162101,180.6,5.161
14324,-3279,19706,15395,17420,-4294,2019-06-04T19:22:45.000Z,42.502246167,-83.162125833,180.4,5.558
-2812,7746,14199,3585,1296,-648,2019-06-04T19:22:46.000Z,42.502199833,-83.162153333,180.8,5.589
1723,460,-16094,1578,1011,782,2019-06-04T19:22:47.000Z,42.502152333,-83.162179,181.1,5.721
373,-5323,5223,947,-109,925,2019-06-04T19:22:48.000Z,42.502105333,-83.162199833,181.5,5.445
250,1470,-4328,-1864,-2806,148,2019-06-04T19:22:49.000Z,42.502057667,-83.162219833,181.6,5.595
-2576,3717,-3529,2550,157,-451,2019-06-04T19:22:50.000Z,42.502009833,-83.162236333,181.8,5.47
-1108,1211,-4899,-391,1319,-165,2019-06-04T19:22:51.000Z,42.501964,-83.162253167,181.4,5.27
472,2249,474,-2277,-135,-754,2019-06-04T19:22:52.000Z,42.501915333,-83.162264833,181.6,5.474
-711,4842,1678,2207,184,597,2019-06-04T19:22:53.000Z,42.501867167,-83.162275167,181.9,5.374
-213,3627,-1905,-2370,-1109,482,2019-06-04T19:22:54.000Z,42.501820333,-83.162280167,182.2,5.204
-4508,5696,-9396,-3134,-3253,951,2019-06-04T19:22:55.000Z,42.501772167,-83.1622805,182.2,5.461
-2522,7154,16896,-2699,3795,-1805,2019-06-04T19:22:56.000Z,42.501725333,-83.162279167,182.2,5.099
156,-11304,-9660,-952,-607,1740,2019-06-04T19:22:57.000Z,42.5016775,-83.162275,182.5,5.331
617,-5824,-3315,-991,285,-221,2019-06-04T19:22:58.000Z,42.501629,-83.162268,182.6,5.481
-2004,3803,3961,1335,-4501,-254,2019-06-04T19:22:59.000Z,42.5015815,-83.162257333,183.2,5.335
-5756,-14196,-74,275,2198,4299,2019-06-04T19:23:00.000Z,42.501533167,-83.162248,183.6,5.467
15545,-29006,10031,-19063,-4422,3946,2019-06-04T19:23:01.000Z,42.5014845,-83.1622385,183.3,5.461
9671,-10557,3970,11483,-12533,-18,2019-06-04T19:23:02.000Z,42.501441333,-83.162242,182.8,4.808
-2520,5307,354,-19799,-15696,2168,2019-06-04T19:23:03.000Z,42.501397833,-83.162245,182.7,4.875
1617,6734,2511,4698,-322,-417,2019-06-04T19:23:04.000Z,42.501352,-83.162252333,182.7,5.037
-489,900,-2602,-1689,-1171,-4,2019-06-04T19:23:05.000Z,42.501306,-83.16225,182.7,5.081
2811,5329,11568,5020,5151,-2206,2019-06-04T19:23:06.000Z,42.501258833,-83.1622525,182.7,5.094
457,-3114,-223,-143,3738,-2185,2019-06-04T19:23:07.000Z,42.501214667,-83.162257167,183.0,4.865
-63,1878,-11997,300,-394,584,2019-06-04T19:23:08.000Z,42.501178167,-83.162260167,183.3,4.109
-369,-1215,-5128,1603,1030,108,2019-06-04T19:23:09.000Z,42.501133833,-83.162273333,183.4,4.791
-1825,-1322,2728,-2104,-1395,-71,2019-06-04T19:23:10.000Z,42.501090833,-83.162291833,183.1,4.973
-66,-2950,1929,-761,226,-452,2019-06-04T19:23:11.000Z,42.501049667,-83.162305,183.6,4.374
-529,-348,-2394,-3281,-434,599,2019-06-04T19:23:12.000Z,42.501005,-83.162318,183.9,4.935
-693,-45,27,750,592,306,2019-06-04T19:23:13.000Z,42.500961667,-83.162333833,183.5,4.801
1789,-4851,3989,-4004,-2495,182,2019-06-04T19:23:14.000Z,42.500919,-83.162347333,183.7,4.67
-211,277,-753,-94,-572,328,2019-06-04T19:23:15.000Z,42.5008795,-83.162361,183.8,4.344
-299,-2140,3964,-5519,-1924,708,2019-06-04T19:23:16.000Z,42.5008415,-83.162374833,184.1,4.222
1135,845,-943,-2277,-305,289,2019-06-04T19:23:17.000Z,42.5008065,-83.16239,184.0,3.927
1801,2237,-19207,571,4668,-1858,2019-06-04T19:23:18.000Z,42.500781167,-83.162417833,183.8,3.534
-288,-1280,985,616,-108,394,2019-06-04T19:23:19.000Z,42.500767833,-83.162453,183.9,3.208
-1746,54,1910,-819,-3243,1582,2019-06-04T19:23:20.000Z,42.500738167,-83.162479,185.1,3.157
938,-11,1244,634,69,-194,2019-06-04T19:23:21.000Z,42.5007115,-83.162498833,185.4,2.567
-111,992,-3017,-242,200,-213,2019-06-04T19:23:22.000Z,42.500688,-83.1624925,185.7,2.67
388,-1152,-662,-698,267,-453,2019-06-04T19:23:23.000Z,42.5006705,-83.162482,187.8,2.851
-163,-207,-1991,1553,-711,311,2019-06-04T19:23:24.000Z,42.500663,-83.162453167,190.3,3.179
498,-1718,5207,-2545,-572,120,2019-06-04T19:23:25.000Z,42.500658167,-83.162417333,192.4,3.389
-1002,1656,-5384,728,2277,-1614,2019-06-04T19:23:26.000Z,42.5006555,-83.1623785,193.8,3.364
-1327,-914,-1623,2433,1316,-366,2019-06-04T19:23:27.000Z,42.500648667,-83.162341,194.5,3.425
-192,-1876,-8447,565,524,-118,2019-06-04T19:23:28.000Z,42.500637833,-83.162303,194.7,3.397
1219,2103,-380,-1069,-1395,114,2019-06-04T19:23:29.000Z,42.500628,-83.162264167,195.5,3.547
3053,-5453,4290,-4945,-1848,553,2019-06-04T19:23:30.000Z,42.500617167,-83.162220333,195.7,3.8
1451,-293,-3166,2900,234,649,2019-06-04T19:23:31.000Z,42.5006005,-83.162178167,195.7,3.925
-4655,-1217,21157,-2386,1547,-456,2019-06-04T19:23:32.000Z,42.500579667,-83.162136667,195.1,4.183
-248,1908,1143,-5982,-1807,759,2019-06-04T19:23:33.000Z,42.500555833,-83.162091667,195.0,4.57
-1104,1430,-15849,-1827,1851,72,2019-06-04T19:23:34.000Z,42.5005285,-83.162042167,195.1,5.011
1257,2287,-12602,-2670,-2755,1039,2019-06-04T19:23:35.000Z,42.5005035,-83.16199,195.4,5.033
1102,-1964,4036,-1860,-226,114,2019-06-04T19:23:36.000Z,42.500482167,-83.1619355,195.9,5.06
-1469,4842,3262,1082,-2128,1123,2019-06-04T19:23:37.000Z,42.5004635,-83.161878333,196.2,5.233
-982,-1277,-3597,1951,3398,-583,2019-06-04T19:23:38.000Z,42.500445333,-83.161820333,197.9,5.303
333,-1125,8673,-2736,-1575,1520,2019-06-04T19:23:39.000Z,42.500423667,-83.161765667,198.0,5.056
726,-2952,4530,50,-2507,1317,2019-06-04T19:23:40.000Z,42.500404,-83.16171,198.1,4.947
1338,-2775,971,-4945,-2439,838,2019-06-04T19:23:41.000Z,42.500386333,-83.161654333,197.9,5.09
408,1572,2075,1127,-1121,471,2019-06-04T19:23:42.000Z,42.500371667,-83.161596,198.6,5.141
4128,-4403,3380,1502,5065,-1286,2019-06-04T19:23:43.000Z,42.500357667,-83.161534,200.5,5.292
238,-1179,17706,-1440,-1019,-18,2019-06-04T19:23:44.000Z,42.500347,-83.161470833,201.6,5.599
-379,-808,-9551,-2646,-1378,254,2019-06-04T19:23:45.000Z,42.500333333,-83.16141,201.9,5.294
-8971,2993,1314,-18482,-2907,2288,2019-06-04T19:23:46.000Z,42.500314333,-83.1613465,202.3,5.648
-473,-1512,2415,-1495,-365,187,2019-06-04T19:23:47.000Z,42.500302667,-83.161291,201.0,4.757
-566,507,2668,521,-777,380,2019-06-04T19:23:48.000Z,42.500292833,-83.1612335,200.9,4.462
-880,1266,-4500,-2796,-706,273,2019-06-04T19:23:49.000Z,42.500283833,-83.1611775,200.1,4.734
-745,1114,1164,1116,779,-157,2019-06-04T19:23:50.000Z,42.500276,-83.161117,200.0,4.962
337,877,-586,2652,4,772,2019-06-04T19:23:51.000Z,42.500267667,-83.161053,199.6,5.293
184,1916,-4053,1363,-689,814,2019-06-04T19:23:52.000Z,42.500256833,-83.160985167,199.9,5.393
-1077,2583,-6679,1347,-43,46,2019-06-04T19:23:53.000Z,42.500246167,-83.160922333,199.5,5.165
-1045,67,1690,-1222,-211,-272,2019-06-04T19:23:54.000Z,42.500233167,-83.160855667,199.6,5.365
-424,1444,-9510,167,-2216,351,2019-06-04T19:23:55.000Z,42.500218,-83.160795333,198.6,5.237
-1374,-1416,3559,-174,255,-200,2019-06-04T19:23:56.000Z,42.500205333,-83.160726167,199.1,5.369
3645,2840,-1260,3005,20207,-5921,2019-06-04T19:23:57.000Z,42.5001945,-83.160656667,199.4,5.481
270,-76,675,2923,1807,-793,2019-06-04T19:23:58.000Z,42.500185833,-83.160589667,199.5,5.417
-924,-2251,-4282,1623,1677,224,2019-06-04T19:23:59.000Z,42.500179167,-83.160522167,199.1,5.554
1831,-4654,-1632,-638,413,38,2019-06-04T19:24:00.000Z,42.5001755,-83.160455167,199.1,5.462
-493,699,-382,-5,-456,-160,2019-06-04T19:24:01.000Z,42.500170833,-83.160384667,199.0,5.804
775,2172,-232,-1171,786,-643,2019-06-04T19:24:02.000Z,42.5001675,-83.160313,199.2,5.826
-528,-559,269,121,1443,-306,2019-06-04T19:24:03.000Z,42.500168167,-83.160239667,199.8,5.871
1472,-2169,-1319,772,187,-35,2019-06-04T19:24:04.000Z,42.500174333,-83.160164,200.4,6.018
2149,-5475,5275,-973,-262,180,2019-06-04T19:24:05.000Z,42.500175667,-83.16008,200.8,6.156
-70,1140,-3663,1664,-611,-74,2019-06-04T19:24:06.000Z,42.500175167,-83.160004667,201.1,6.028
744,6012,-5566,11844,8166,-1267,2019-06-04T19:24:07.000Z,42.500169333,-83.159925333,202.2,6.366
-1001,-2688,9474,6649,1754,-57,2019-06-04T19:24:08.000Z,42.500166833,-83.159841667,203.1,6.489
-4437,1027,1176,-5093,-2147,575,2019-06-04T19:24:09.000Z,42.500168333,-83.1597635,202.9,6.274
-2555,905,-3590,-6206,-1592,222,2019-06-04T19:24:10.000Z,42.5001745,-83.159687833,203.0,6.211
-1029,-60,-867,4639,968,258,2019-06-04T19:24:11.000Z,42.500181333,-83.1596115,203.2,6.014
-5272,-1748,17403,3980,2554,-2163,2019-06-04T19:24:12.000Z,42.500187667,-83.1595385,203.1,6.039
3388,-1531,-16446,1724,-605,41,2019-06-04T19:24:13.000Z,42.500195167,-83.1594575,203.7,6.105
14,2231,-2277,-1717,-1632,78,2019-06-04T19:24:14.000Z,42.500203,-83.159382,203.7,6.027
1164,-2724,-3794,-169,658,-357,2019-06-04T19:24:15.000Z,42.500211333,-83.159307667,203.9,5.929
-1481,773,-13597,-3186,-2512,998,2019-06-04T19:24:16.000Z,42.500220667,-83.159236,204.1,5.515
5391,3039,-14713,-10756,-5786,2957,2019-06-04T19:24:17.000Z,42.500231,-83.159169667,204.5,5.043
830,-159,-1683,-3418,1003,-825,2019-06-04T19:24:18.000Z,42.5002375,-83.159107833,204.5,4.875
-2082,7148,21570,-2282,-3041,-1100,2019-06-04T19:24:19.000Z,42.5002435,-83.159046167,205.0,4.839
-4308,-3169,-15187,-10391,-2018,1277,2019-06-04T19:24:20.000Z,42.500255667,-83.158985833,205.2,5.059
-907,-4445,-2231,-782,2047,-733,2019-06-04T19:24:21.000Z,42.500274,-83.158930167,204.9,4.991
1295,806,-5500,-610,1925,-838,2019-06-04T19:24:22.000Z,42.5002955,-83.158878167,205.0,4.821
-5783,1044,-6995,1885,-2182,792,2019-06-04T19:24:23.000Z,42.500319,-83.158837,204.3,4.35
-510,3172,-5296,2615,972,-36,2019-06-04T19:24:24.000Z,42.500342333,-83.1587975,203.3,4.354
-4766,7158,10248,-977,2588,-468,2019-06-04T19:24:25.000Z,42.500365833,-83.158760167,201.3,4.338
615,7954,10342,18494,8359,-1038,2019-06-04T19:24:26.000Z,42.500390167,-83.158724167,199.0,4.384
670,2421,-7203,-5138,465,-176,2019-06-04T19:24:27.000Z,42.5004205,-83.158672833,198.4,5.099
1978,4886,-10763,3665,233,-22,2019-06-04T19:24:28.000Z,42.500452,-83.158627667,197.3,5.024
4062,-3198,-6557,1300,-1984,1325,2019-06-04T19:24:29.000Z,42.500482333,-83.158573833,197.5,5.05
-451,6103,-6134,1958,614,-1087,2019-06-04T19:24:30.000Z,42.500505833,-83.158512667,198.0,5.035
-10359,5721,15583,-14803,-11615,1337,2019-06-04T19:24:31.000Z,42.500528167,-83.158445833,198.9,5.366
3506,-14443,-3414,-6846,901,-49,2019-06-04T19:24:32.000Z,42.500548667,-83.158377667,199.1,5.669
77,-3343,-19834,-997,-1145,1477,2019-06-04T19:24:33.000Z,42.500567167,-83.158306,199.2,5.481
2402,8701,-7494,-5915,6291,-304,2019-06-04T19:24:34.000Z,42.500583667,-83.158236833,199.0,5.436
-1202,-4750,-7097,-1920,-5027,1879,2019-06-04T19:24:35.000Z,42.500593667,-83.1581615,199.5,5.677
-2417,3936,-7711,3806,2938,-875,2019-06-04T19:24:36.000Z,42.500599833,-83.158085,199.8,5.824
10637,-20407,19094,20449,5697,-806,2019-06-04T19:24:37.000Z,42.500604167,-83.158008,200.3,5.88
9304,7125,-3116,-4637,-12264,2279,2019-06-04T19:24:38.000Z,42.500609167,-83.1579315,200.9,5.961
4439,-6343,21029,10367,5644,-2032,2019-06-04T19:24:39.000Z,42.5006155,-83.157857167,201.3,5.769
-765,4523,-2857,1880,-911,-160,2019-06-04T19:24:40.000Z,42.500622667,-83.1577835,201.6,5.86
-2644,5623,-9264,-10554,-5615,1839,2019-06-04T19:24:41.000Z,42.500626333,-83.157709667,201.8,5.769
1100,-2948,-1761,6109,5280,-1721,2019-06-04T19:24:42.000Z,42.500628167,-83.157633833,202.1,5.959
-1123,6563,-5520,-2356,-1266,1058,2019-06-04T19:24:43.000Z,42.500630167,-83.157555333,202.8,6.127
-805,-1191,-9380,1673,-3434,-149,2019-06-04T19:24:44.000Z,42.5006305,-83.1574755,203.3,6.28
-2117,-1811,-3250,-3127,-2460,-492,2019-06-04T19:24:45.000Z,42.500628167,-83.1573965,203.5,6.393
244,-796,-9027,-2136,-1479,-227,2019-06-04T19:24:46.000Z,42.500615833,-83.157316667,204.1,6.576
47,436,-10726,-2484,-1750,393,2019-06-04T19:24:47.000Z,42.500584333,-83.157251667,203.7,6.633
-1079,1722,-1211,-1165,402,282,2019-06-04T19:24:48.000Z,42.500538833,-83.157206833,203.1,6.265
-2585,2733,1648,6806,142,-1698,2019-06-04T19:24:49.000Z,42.500490667,-83.157171333,202.3,5.999
1482,-3802,-2976,7718,3036,-800,2019-06-04T19:24:50.000Z,42.500443167,-83.157133667,201.8,6.106
-2837,-4495,12794,4154,6632,-1835,2019-06-04T19:24:51.000Z,42.500396667,-83.157096833,202.1,5.856
-157,-1695,-2475,-1220,-1092,742,2019-06-04T19:24:52.000Z,42.500351,-83.157058667,202.5,5.941
5325,-563,6142,2569,-2436,379,2019-06-04T19:24:53.000Z,42.5003075,-83.157019167,200.6,5.794
-688,-6675,921,-2243,-954,378,2019-06-04T19:24:54.000Z,42.500263333,-83.156979333,199.6,5.916
1838,-1943,25119,6225,5441,-2911,2019-06-04T19:24:55.000Z,42.500220167,-83.156938833,200.4,5.673
991,1062,-4479,3708,-2934,438,2019-06-04T19:24:56.000Z,42.500174,-83.156901667,200.6,6.015
-9502,2859,-6610,-7832,-4721,348,2019-06-04T19:24:57.000Z,42.500128167,-83.156870167,201.3,5.516
1575,-1417,4676,6047,-39,-599,2019-06-04T19:24:58.000Z,42.500083833,-83.1568355,202.2,5.726
-6063,3118,15564,-7101,10147,-1123,2019-06-04T19:24:59.000Z,42.500036833,-83.156800667,202.1,6.057
-912,-5270,-3215,-5420,-1816,798,2019-06-04T19:25:00.000Z,42.499989833,-83.156760833,202.2,6.117
-1132,-3482,17458,1704,907,491,2019-06-04T19:25:01.000Z,42.499942167,-83.156723333,201.6,6.024
-997,2878,-12972,10808,4980,1020,2019-06-04T19:25:02.000Z,42.499893667,-83.156688,202.6,5.943
-26,-5644,12347,3231,4844,-1144,2019-06-04T19:25:03.000Z,42.499848167,-83.156654333,202.8,5.668
5540,-2355,15106,-5894,-6586,1614,2019-06-04T19:25:04.000Z,42.4998005,-83.156617667,202.8,6.074
-2731,-902,-10694,98,-2810,1277,2019-06-04T19:25:05.000Z,42.499752,-83.156585333,203.2,5.95
5834,3726,-8215,-21447,-7955,6294,2019-06-04T19:25:06.000Z,42.499700333,-83.156566167,203.2,5.945
4880,-799,-10963,-259,-3657,-303,2019-06-04T19:25:07.000Z,42.499645167,-83.156561167,202.5,5.93
2121,5033,-6524,-2903,2703,-2175,2019-06-04T19:25:08.000Z,42.499587,-83.156561167,201.8,6.064
-4154,-127,-9629,-19053,-4200,1479,2019-06-04T19:25:09.000Z,42.499532,-83.156556,201.8,6.02
1295,-9022,-766,180,1506,-335,2019-06-04T19:25:10.000Z,42.499476667,-83.156551167,201.8,6.048
-2109,-1051,-6208,-3234,-3440,1162,2019-06-04T19:25:11.000Z,42.499420833,-83.156548333,201.6,6.091
-2274,-948,-11585,-11073,-176,765,2019-06-04T19:25:12.000Z,42.499364,-83.156546,201.4,6.016
2673,7041,-7769,-3808,-398,-807,2019-06-04T19:25:13.000Z,42.499307833,-83.156543,201.4,6.059
-2162,3292,-2363,-7851,-1221,-308,2019-06-04T19:25:14.000Z,42.4992525,-83.156540167,201.2,6.036
1949,8991,-3788,2108,2714,958,2019-06-04T19:25:15.000Z,42.499196833,-83.156539,201.2,6.088
3509,-5712,2261,-3527,-11389,4505,2019-06-04T19:25:16.000Z,42.499140333,-83.156538667,201.0,6.121
-3011,10410,-10057,17520,11349,-4221,2019-06-04T19:25:17.000Z,42.499085167,-83.1565375,200.6,6.065
-86,-6209,-3932,-4163,-2011,661,2019-06-04T19:25:18.000Z,42.499030333,-83.156534333,200.8,5.946
-3323,-2830,-69,-3163,-1894,69,2019-06-04T19:25:19.000Z,42.4989775,-83.1565305,201.1,5.795
147,2311,-10601,2929,835,-494,2019-06-04T19:25:20.000Z,42.498926667,-83.156521333,201.3,5.582
4501,-1739,-1843,4565,2082,-456,2019-06-04T19:25:21.000Z,42.498876167,-83.156510333,201.5,5.581
-56,-766,-2271,-2679,-1227,-54,2019-06-04T19:25:22.000Z,42.4988255,-83.1565065,201.4,5.64
1510,5131,1761,4892,3978,-1747,2019-06-04T19:25:23.000Z,42.498775,-83.156506333,200.8,5.564
1580,178,-84,-490,423,-772,2019-06-04T19:25:24.000Z,42.498723333,-83.156507833,201.2,5.74
2812,7813,2554,-2049,-7559,4274,2019-06-04T19:25:25.000Z,42.498671167,-83.1565075,200.9,5.735
4163,1545,-4561,6341,13721,-2938,2019-06-04T19:25:26.000Z,42.498618167,-83.156504,200.8,5.853
-2791,10734,-6523,795,-13116,2454,2019-06-04T19:25:27.000Z,42.498565833,-83.156498667,200.6,5.889
946,4429,-666,326,-1819,519,2019-06-04T19:25:28.000Z,42.498513667,-83.156489333,200.6,5.814
-3293,5260,-8510,2168,3598,-2424,2019-06-04T19:25:29.000Z,42.4984625,-83.156483,200.3,5.777
-474,-894,-3249,-1804,-1948,1626,2019-06-04T19:25:30.000Z,42.498411,-83.156482,200.0,5.743
387,-6394,13943,-8505,-2258,1090,2019-06-04T19:25:31.000Z,42.4983635,-83.156483833,199.7,5.033
2766,4316,-17391,3559,5051,-2087,2019-06-04T19:25:32.000Z,42.498316333,-83.156484667,199.5,5.069
272,-592,-13910,4453,4061,-997,2019-06-04T19:25:33.000Z,42.4982695,-83.1564875,199.5,5.071
-12517,7173,-406,-3281,-11206,-715,2019-06-04T19:25:34.000Z,42.498225667,-83.156492333,199.4,4.809
5805,-452,3237,-1877,-3476,2470,2019-06-04T19:25:35.000Z,42.498182667,-83.1564945,199.0,4.526
10949,-6443,13239,8972,13319,-3944,2019-06-04T19:25:36.000Z,42.498141167,-83.156492333,198.8,4.483
152,1923,-2196,238,-555,-542,2019-06-04T19:25:37.000Z,42.4980985,-83.156484667,198.5,4.877
2686,-4227,17350,-1555,-6225,2661,2019-06-04T19:25:38.000Z,42.498055833,-83.156476333,198.2,4.681
570,-1391,-6223,2953,3616,-2565,2019-06-04T19:25:39.000Z,42.498012833,-83.156469,197.9,4.809
1722,-2351,2870,3756,-2654,1131,2019-06-04T19:25:40.000Z,42.497970333,-83.1564645,198.0,4.694
-2352,-616,-20299,2262,-389,-1093,2019-06-04T19:25:41.000Z,42.497929,-83.156464333,198.3,4.621
5647,-13504,9515,8178,195,1410,2019-06-04T19:25:42.000Z,42.497888667,-83.156466667,198.3,4.399
120,-3612,-6290,1172,1875,-748,2019-06-04T19:25:43.000Z,42.497848167,-83.156469667,198.3,4.1
-373,-619,16815,-3318,-962,1081,2019-06-04T19:25:44.000Z,42.497808833,-83.156474,197.7,4.499
688,-4336,-10770,2093,14571,-2132,2019-06-04T19:25:45.000Z,42.497767167,-83.156476333,197.7,4.514
-2499,-7170,22753,-11692,-2647,1293,2019-06-04T19:25:46.000Z,42.497724833,-83.156477333,197.4,4.484
2709,-1470,4640,-554,-771,463,2019-06-04T19:25:47.000Z,42.497685667,-83.156475167,197.3,4.267
-182,-2344,19843,5193,1383,76,2019-06-04T19:25:48.000Z,42.497645167,-83.156473167,197.3,4.482
-2338,2690,-9930,-1829,1419,-332,2019-06-04T19:25:49.000Z,42.497606833,-83.156465667,197.2,4.159
-890,946,-595,2601,3268,-1554,2019-06-04T19:25:50.000Z,42.4975685,-83.156458167,197.4,4.184
-4021,322,561,-2352,-1179,-988,2019-06-04T19:25:51.000Z,42.497531167,-83.156453,197.5,4.101
-5732,5673,-8650,2582,1378,-573,2019-06-04T19:25:52.000Z,42.497495833,-83.156455833,197.5,3.817
-3275,-7813,9956,-16701,-15671,3572,2019-06-04T19:25:53.000Z,42.497461833,-83.156461167,197.5,3.56
-128,2032,1853,-591,-505,14,2019-06-04T19:25:54.000Z,42.497430667,-83.15647,197.2,3.424
-1212,254,-3995,450,1143,-302,2019-06-04T19:25:55.000Z,42.497403,-83.156476833,197.1,2.881
-514,-3007,4416,-2575,-114,184,2019-06-04T19:25:56.000Z,42.497379667,-83.156480833,197.1,2.293
-952,38,-1079,-944,-876,396,2019-06-04T19:25:57.000Z,42.497362333,-83.156481833,197.4,1.611
-777,-542,394,-76,337,-310,2019-06-04T19:25:58.000Z,42.497350667,-83.15648,197.3,1.09
45,748,-125,1168,-26,432,2019-06-04T19:25:59.000Z,42.497342333,-83.156482333,197.2,0.8
-13,77,-813,1341,-293,421,2019-06-04T19:26:00.000Z,42.497336,-83.156485833,196.6,0.691
15,749,523,119,-243,-273,2019-06-04T19:26:01.000Z,42.497331167,-83.15649,196.5,0.492
255,-54,308,-69,175,-282,2019-06-04T19:26:02.000Z,42.497329833,-83.156489667,196.6,0.217
1000,253,-28,1261,5299,-2440,2019-06-04T19:26:03.000Z,42.497328333,-83.156488333,196.6,0.149
2442,-1673,-11776,-2301,1275,-665,2019-06-04T19:26:04.000Z,42.497320667,-83.156490167,196.4,1.048
-3919,3941,27173,-1488,598,587,2019-06-04T19:26:05.000Z,42.497306333,-83.156492333,196.2,1.695
-356,-2943,210,1239,-360,616,2019-06-04T19:26:06.000Z,42.497292,-83.156496333,195.2,1.595
-2470,2218,403,2110,1598,-123,2019-06-04T19:26:07.000Z,42.4972795,-83.156509667,194.4,1.878
1627,-118,1185,3958,832,1200,2019-06-04T19:26:08.000Z,42.4972735,-83.156531333,193.8,2.047
745,3651,721,3058,874,-495,2019-06-04T19:26:09.000Z,42.497266833,-83.156567833,193.5,3.107
-1864,-135,-12558,-497,-251,-174,2019-06-04T19:26:10.000Z,42.497264167,-83.156597333,192.4,2.298
-1951,4760,20917,-1182,-725,-111,2019-06-04T19:26:11.000Z,42.497261333,-83.156618167,191.7,1.405
15782,-24992,18941,14616,14140,-5093,2019-06-04T19:26:12.000Z,42.497265667,-83.156647,191.3,2.583
-3137,-1006,-3300,-350,-913,704,2019-06-04T19:26:13.000Z,42.497261333,-83.156693167,191.8,3.732
315,-1959,-1976,1242,-1562,530,2019-06-04T19:26:14.000Z,42.497254,-83.156746167,192.0,4.395
-1007,-1669,-2837,-12853,-5219,3097,2019-06-04T19:26:15.000Z,42.497239667,-83.156795833,188.5,4.417
-16905,6199,-13335,-10068,-9008,20,2019-06-04T19:26:16.000Z,42.497230333,-83.156850667,187.6,4.499
14311,-22743,17706,-16364,-5400,4138,2019-06-04T19:26:17.000Z,42.497225333,-83.1569135,187.3,4.875
-1450,-1313,1432,-4210,-4750,2350,2019-06-04T19:26:18.000Z,42.4972215,-83.156980833,187.3,5.151
2046,-244,-2118,-152,-504,276,2019-06-04T19:26:19.000Z,42.497215333,-83.157047833,187.2,5.204
930,208,-13628,543,-283,-654,2019-06-04T19:26:20.000Z,42.497208167,-83.157114333,187.1,5.309
-777,2753,-9168,-346,-102,-531,2019-06-04T19:26:21.000Z,42.497199833,-83.157182833,187.1,5.321
308,-3426,-2192,-7992,-6396,1590,2019-06-04T19:26:22.000Z,42.497193833,-83.157250167,187.1,5.245
1097,-3390,-628,-584,480,-1202,2019-06-04T19:26:23.000Z,42.497187333,-83.157321,187.4,5.436
1099,513,24013,2658,940,-1183,2019-06-04T19:26:24.000Z,42.497179167,-83.157393667,187.8,5.533
5615,2064,-11546,7822,4633,-1247,2019-06-04T19:26:25.000Z,42.497170167,-83.157465,188.1,5.459
2063,-3242,4053,-378,-1234,695,2019-06-04T19:26:26.000Z,42.497161833,-83.1575335,188.5,5.286
5116,-10225,11127,55,1270,-100,2019-06-04T19:26:27.000Z,42.497155333,-83.1576015,188.7,5.497
247,1063,-15241,-3006,718,-229,2019-06-04T19:26:28.000Z,42.497149667,-83.157669,188.8,5.478
2597,-6702,-4319,6095,7002,-342,2019-06-04T19:26:29.000Z,42.497143167,-83.1577345,188.5,5.2
-94,999,-1505,-1333,-328,742,2019-06-04T19:26:30.000Z,42.497136333,-83.1577995,188.1,5.359
-1867,6337,4193,3283,-528,1127,2019-06-04T19:26:31.000Z,42.4971305,-83.157864333,188.1,5.338
-1676,3355,-8013,1559,-486,-1009,2019-06-04T19:26:32.000Z,42.497124333,-83.157928167,187.5,5.106
1423,-544,5834,-59,349,-315,2019-06-04T19:26:33.000Z,42.497118333,-83.157996,187.9,5.284
1617,-288,-7,1801,-31,-625,2019-06-04T19:26:34.000Z,42.497111333,-83.1580625,188.1,5.228
629,1434,-1959,1559,-552,390,2019-06-04T19:26:35.000Z,42.4971055,-83.158128167,188.3,5.122
-455,-935,1589,2118,-201,273,2019-06-04T19:26:36.000Z,42.497098,-83.158192333,188.5,5.103
575,341,-2046,-1704,2059,-1393,2019-06-04T19:26:37.000Z,42.497090667,-83.158254,188.7,5.035
-1577,-1593,7471,604,-2409,211,2019-06-04T19:26:38.000Z,42.497091667,-83.158316167,188.6,4.99
-6888,10551,86,7956,35,-612,2019-06-04T19:26:39.000Z,42.4971125,-83.158378,189.7,5.071
866,1910,-2926,7440,2738,-1420,2019-06-04T19:26:40.000Z,42.497152667,-83.158413167,190.6,5.163
-7580,-1382,6785,-13571,2981,-512,2019-06-04T19:26:41.000Z,42.497200667,-83.158424667,190.7,5.385
-912,-1049,-771,-5752,-6515,708,2019-06-04T19:26:42.000Z,42.497249167,-83.158433,190.8,5.3
-8109,5952,-2612,-6651,-6385,3496,2019-06-04T19:26:43.000Z,42.497295667,-83.158440667,189.8,5.167
-88,-3027,-5382,366,1760,-508,2019-06-04T19:26:44.000Z,42.497341167,-83.158452667,189.8,5.196
714,906,-3031,-367,1465,-59,2019-06-04T19:26:45.000Z,42.497389,-83.158461,189.5,5.157
-3096,3850,1530,-2507,984,-264,2019-06-04T19:26:46.000Z,42.49744,-83.158464833,189.5,5.371
4,2150,-5006,6624,7195,-3125,2019-06-04T19:26:47.000Z,42.497492833,-83.158466,189.2,5.732
398,-858,2353,-24,-1362,13,2019-06-04T19:26:48.000Z,42.497545667,-83.158469833,189.4,5.765
590,-4494,223,-1994,1358,-267,2019-06-04T19:26:49.000Z,42.497598333,-83.158475,189.2,5.846
3361,-2778,15644,8648,2825,-2416,2019-06-04T19:26:50.000Z,42.497649,-83.158482333,189.0,5.542
-4972,-4753,1552,13615,-3746,3322,2019-06-04T19:26:51.000Z,42.497700333,-83.158486667,188.5,5.75
2085,4664,-704,926,-10590,4074,2019-06-04T19:26:52.000Z,42.497750167,-83.158490667,188.4,5.505
1228,1321,-6223,1349,-324,21,2019-06-04T19:26:53.000Z,42.497802,-83.158498667,188.3,5.678
856,-3562,-8463,-1136,-139,1376,2019-06-04T19:26:54.000Z,42.497855,-83.158508167,188.3,5.673
-3089,8347,-9455,-6819,-6757,2051,2019-06-04T19:26:55.000Z,42.497907167,-83.158520333,187.5,5.505
347,-7997,9064,-21679,-23860,9467,2019-06-04T19:26:56.000Z,42.497956333,-83.158524,187.3,5.433
-1414,8205,20592,-5196,8500,-1501,2019-06-04T19:26:57.000Z,42.498007667,-83.158518167,188.3,5.406
7722,-746,6250,-4618,-5800,2593,2019-06-04T19:26:58.000Z,42.498055333,-83.158517167,188.4,5.205
-10223,12147,-10612,11237,5329,-2532,2019-06-04T19:26:59.000Z,42.498108667,-83.1585185,188.8,5.815
5155,-15857,-8599,3627,4666,-812,2019-06-04T19:27:00.000Z,42.498162667,-83.158530167,188.9,6.021
1075,-6242,8841,-1522,-878,300,2019-06-04T19:27:01.000Z,42.498215167,-83.158539,189.1,5.807
-2684,921,-5882,-873,3348,-832,2019-06-04T19:27:02.000Z,42.498267,-83.1585435,189.5,5.642
-1,-1676,-9970,2789,2501,-262,2019-06-04T19:27:03.000Z,42.4983175,-83.158546333,188.6,5.774
2005,5942,-93,3420,-310,964,2019-06-04T19:27:04.000Z,42.498368,-83.158548167,188.1,5.485
-3268,7983,-7543,-9758,-418,80,2019-06-04T19:27:05.000Z,42.498418,-83.1585515,187.5,5.374
-614,4029,-17570,3166,2885,-376,2019-06-04T19:27:06.000Z,42.498468,-83.158549333,187.6,5.466
-909,739,-3054,-2201,-3041,764,2019-06-04T19:27:07.000Z,42.4985185,-83.158547833,187.2,5.513
1607,-932,445,784,195,-226,2019-06-04T19:27:08.000Z,42.498568167,-83.1585485,187.0,5.327
-1913,-144,-11223,-5310,-2384,436,2019-06-04T19:27:09.000Z,42.498618167,-83.1585535,186.0,5.847
-971,-643,-1543,2084,1257,-613,2019-06-04T19:27:10.000Z,42.498658333,-83.158555833,185.8,3.837
-17086,15096,-2077,-12645,-3114,522,2019-06-04T19:27:11.000Z,42.4987015,-83.158562333,185.5,4.983
3673,-2285,-199,2123,-486,1787,2019-06-04T19:27:12.000Z,42.498748833,-83.158565667,185.0,5.236
76,5576,-8938,-342,399,-217,2019-06-04T19:27:13.000Z,42.498790833,-83.1585645,186.2,3.779
-1126,-4678,19568,-11082,-4783,1754,2019-06-04T19:27:14.000Z,42.498839,-83.1585665,186.7,5.225
-710,13879,-14305,-4713,-2117,517,2019-06-04T19:27:15.000Z,42.4988895,-83.158564167,186.5,5.423
-3641,4130,-7386,-4088,-71,-1155,2019-06-04T19:27:16.000Z,42.498938167,-83.1585575,187.2,5.187
2720,4174,-5493,9303,7189,-2042,2019-06-04T19:27:17.000Z,42.498985333,-83.158562167,187.4,5.174
-713,-7023,-249,-15027,-8292,2913,2019-06-04T19:27:18.000Z,42.499025167,-83.158588167,187.8,5.137
1783,7864,-21111,2463,6980,-1543,2019-06-04T19:27:19.000Z,42.4990505,-83.158635333,187.9,4.75
-2992,589,-6655,-7445,-2663,-345,2019-06-04T19:27:20.000Z,42.499061667,-83.1586855,187.5,4.482
-2037,3093,-971,-1693,-1198,16,2019-06-04T19:27:21.000Z,42.499068167,-83.158741833,187.1,5.064
-2602,6715,26301,-5104,-3661,1037,2019-06-04T19:27:22.000Z,42.499072667,-83.1588055,187.0,5.4
1771,-1803,-3394,-851,1452,-661,2019-06-04T19:27:23.000Z,42.499072833,-83.158865833,186.6,4.996
678,-1401,4582,1870,2269,-664,2019-06-04T19:27:24.000Z,42.499070667,-83.158919833,185.0,4.578
817,-5793,-9544,207,1238,637,2019-06-04T19:27:25.000Z,42.4990705,-83.158976833,185.1,5.031
-2476,4967,-16633,945,2457,-737,2019-06-04T19:27:26.000Z,42.499068667,-83.159034667,186.1,4.926
-1167,4720,21285,1272,-1072,-105,2019-06-04T19:27:27.000Z,42.499059333,-83.159103667,186.5,6.119
3957,-5438,11189,3318,365,-688,2019-06-04T19:27:28.000Z,42.499051,-83.159164833,186.3,4.929
1701,-852,2024,-706,-1589,89,2019-06-04T19:27:29.000Z,42.499042,-83.159213667,186.0,4.241
-4286,3992,3170,-1454,-2568,111,2019-06-04T19:27:30.000Z,42.499034333,-83.159269333,185.1,4.851
-1570,11641,8887,12455,-647,-3561,2019-06-04T19:27:31.000Z,42.499029167,-83.159325167,185.1,4.52
875,-1870,-1322,-5525,-2764,567,2019-06-04T19:27:32.000Z,42.499031833,-83.1593795,185.2,4.406
-4862,2669,21229,1276,4082,-473,2019-06-04T19:27:33.000Z,42.49903,-83.159438667,184.5,4.938
-1250,-895,-13,-3597,-390,-391,2019-06-04T19:27:34.000Z,42.499022,-83.1594925,183.7,4.544
73,166,144,-7248,-4905,1264,2019-06-04T19:27:35.000Z,42.499004833,-83.1595355,183.5,3.885
-5019,-5534,-537,-20585,-16859,3481,2019-06-04T19:27:36.000Z,42.498977333,-83.159564667,182.6,3.879
1839,1401,-6556,709,1041,-246,2019-06-04T19:27:37.000Z,42.498943833,-83.159584833,181.5,4.307
1493,-1566,-13557,-3895,-597,-76,2019-06-04T19:27:38.000Z,42.498909333,-83.159594,180.4,4.131
928,-3407,677,926,1227,73,2019-06-04T19:27:39.000Z,42.498877,-83.159601833,179.7,3.629
-1303,-261,-746,555,1217,-47,2019-06-04T19:27:40.000Z,42.498839667,-83.159601333,179.1,4.543
-2777,517,-5344,1590,2413,-451,2019-06-04T19:27:41.000Z,42.498800167,-83.159599833,178.9,4.271
-1768,192,-2381,-2449,-530,181,2019-06-04T19:27:42.000Z,42.498758667,-83.159608833,178.4,4.848
3341,-2825,4268,-4556,-2841,2907,2019-06-04T19:27:43.000Z,42.498711167,-83.1596135,178.8,5.114
690,-2209,2579,-751,-501,216,2019-06-04T19:27:44.000Z,42.498665333,-83.159606333,177.0,5.227
190,-2107,-5552,-4011,-457,1351,2019-06-04T19:27:45.000Z,42.498619,-83.1596085,177.0,5.003
-590,3008,22395,-2161,862,-79,2019-06-04T19:27:46.000Z,42.498573,-83.159615667,178.2,4.99
2007,-2659,5027,-3206,-1048,-337,2019-06-04T19:27:47.000Z,42.498530333,-83.159614,177.0,4.901
93,-3500,2048,-4127,-1101,-112,2019-06-04T19:27:48.000Z,42.498489333,-83.159610333,176.0,4.914
-1297,-1562,4491,-2421,-1155,432,2019-06-04T19:27:49.000Z,42.498441333,-83.159605,175.8,5.239
1771,-437,4385,1358,-48,-237,2019-06-04T19:27:50.000Z,42.4983965,-83.159599667,175.1,4.925
2136,-5231,7420,340,373,-30,2019-06-04T19:27:51.000Z,42.498347167,-83.159595,176.3,5.428
-637,1172,-6882,-684,90,-577,2019-06-04T19:27:52.000Z,42.4982985,-83.159590167,176.3,5.256
3555,-9033,7763,868,2081,1077,2019-06-04T19:27:53.000Z,42.498252833,-83.159591,175.9,5.114
-490,-475,6997,-2285,-461,650,2019-06-04T19:27:54.000Z,42.498209167,-83.1595965,175.0,4.652
-1039,720,-7017,-212,1152,153,2019-06-04T19:27:55.000Z,42.498158,-83.159604333,175.2,5.354
-1637,3810,18567,527,2175,-32,2019-06-04T19:27:56.000Z,42.498108,-83.159605667,176.2,5.258
-2894,3865,15117,3593,3578,-1290,2019-06-04T19:27:57.000Z,42.498055333,-83.159604167,176.7,5.394
-230,-1698,-6518,-4292,-865,1248,2019-06-04T19:27:58.000Z,42.498004,-83.159604667,178.1,5.506
-1920,463,-1776,1419,1743,231,2019-06-04T19:27:59.000Z,42.497959,-83.159609333,179.7,4.473
651,2808,-3345,2621,2271,-307,2019-06-04T19:28:00.000Z,42.497919667,-83.159615333,180.1,4.129
-1956,-512,-763,-1829,92,395,2019-06-04T19:28:01.000Z,42.4978745,-83.159617167,180.9,4.886
1320,256,-334,-2961,-347,-113,2019-06-04T19:28:02.000Z,42.497828667,-83.159613167,181.7,4.807
1157,-2179,3517,1063,919,-97,2019-06-04T19:28:03.000Z,42.497786167,-83.1596085,182.1,4.472
2875,893,-1640,377,571,293,2019-06-04T19:28:04.000Z,42.497743333,-83.159604333,182.0,4.308
-189,-3838,-3992,-4413,2656,-725,2019-06-04T19:28:05.000Z,42.497696833,-83.159603333,182.8,4.861
-645,-28,-7230,727,1567,-809,2019-06-04T19:28:06.000Z,42.497651833,-83.159596667,182.7,4.523
1390,-471,1959,-2086,796,-70,2019-06-04T19:28:07.000Z,42.4976065,-83.159596333,183.3,4.85
-183,-354,-2573,4235,3853,-831,2019-06-04T19:28:08.000Z,42.497560167,-83.159597,183.7,4.828
214,934,3014,243,842,-857,2019-06-04T19:28:09.000Z,42.497512333,-83.159599,185.4,4.786
-1483,773,-11076,-1684,-728,-458,2019-06-04T19:28:10.000Z,42.497467,-83.1595995,186.8,4.526
-796,-877,-4795,-375,-176,-176,2019-06-04T19:28:11.000Z,42.497426167,-83.159592833,187.8,4.447
-464,-723,-2260,1550,721,-161,2019-06-04T19:28:12.000Z,42.497386,-83.159587833,188.3,4.238
-1092,-1264,-4699,1222,1004,-116,2019-06-04T19:28:13.000Z,42.497345667,-83.1595875,189.1,3.93
358,-1846,1232,-4155,-1928,867,2019-06-04T19:28:14.000Z,42.497309,-83.1595875,189.7,3.787
5474,86,6568,-1860,-1131,1132,2019-06-04T19:28:15.000Z,42.497274667,-83.159591667,190.9,3.493
609,-709,975,-2684,-197,-288,2019-06-04T19:28:16.000Z,42.497243167,-83.159597833,191.0,3.314
-356,929,-3474,774,-1393,648,2019-06-04T19:28:17.000Z,42.4972125,-83.159601167,191.1,3.256
-541,-302,1711,-1150,-173,327,2019-06-04T19:28:18.000Z,42.497181167,-83.1596025,191.2,3.398
-610,2143,-2135,3014,1799,476,2019-06-04T19:28:19.000Z,42.497149167,-83.159604833,191.6,3.282
242,1003,-799,1463,1600,-349,2019-06-04T19:28:20.000Z,42.497119,-83.159606333,191.8,3.206
1075,-5941,-5335,636,2059,-1623,2019-06-04T19:28:21.000Z,42.497089333,-83.1596045,192.4,3.143
-1713,2280,-3530,5309,733,-541,2019-06-04T19:28:22.000Z,42.4970615,-83.159601833,192.6,2.913
-2295,1047,-9358,-708,-978,840,2019-06-04T19:28:23.000Z,42.4970335,-83.159603333,192.8,3.044
723,1564,149,-129,725,-870,2019-06-04T19:28:24.000Z,42.497004667,-83.159600667,193.3,3.155
-790,2536,-3772,-17,751,461,2019-06-04T19:28:25.000Z,42.496976,-83.159591167,193.8,3.21
-352,-2025,3763,-2378,-1802,1044,2019-06-04T19:28:26.000Z,42.496952667,-83.159567,194.0,3.386
4345,10177,-7470,19518,-4718,134,2019-06-04T19:28:27.000Z,42.496932667,-83.159535,194.5,3.65
797,-1561,-1377,364,10,-129,2019-06-04T19:28:28.000Z,42.496911833,-83.159501833,194.4,3.777
-69,931,-1510,2073,474,-64,2019-06-04T19:28:29.000Z,42.496883667,-83.159481167,193.6,3.647
1450,-1077,3510,7719,-459,235,2019-06-04T19:28:30.000Z,42.496848667,-83.159473,193.6,3.976
-1797,1656,4571,1453,-110,692,2019-06-04T19:28:31.000Z,42.496811667,-83.159469667,193.6,4.091
210,-1507,2067,933,-37,-98,2019-06-04T19:28:32.000Z,42.496773667,-83.159463167,193.2,4.107
-778,-1085,-3482,837,-995,3,2019-06-04T19:28:33.000Z,42.4967425,-83.159451167,194.8,3.102
-1064,584,844,-1442,59,212,2019-06-04T19:28:34.000Z,42.4967065,-83.159445333,195.1,4.317
-1094,1205,-507,85,-454,452,2019-06-04T19:28:35.000Z,42.496666333,-83.159445167,194.7,4.259
-1568,3041,-4975,2180,1650,312,2019-06-04T19:28:36.000Z,42.4966255,-83.159446333,195.0,4.473
1192,142,-196,1367,943,-725,2019-06-04T19:28:37.000Z,42.4965835,-83.159443833,194.9,4.58
2158,-1648,-493,-1336,-342,94,2019-06-04T19:28:38.000Z,42.496541667,-83.1594345,194.7,4.647
569,-83,-1441,-1815,-266,-237,2019-06-04T19:28:39.000Z,42.496502667,-83.159419333,195.4,4.443
939,-1221,4152,-176,-695,248,2019-06-04T19:28:40.000Z,42.496463167,-83.159414,194.9,4.457
-307,281,1844,-759,332,-168,2019-06-04T19:28:41.000Z,42.496419667,-83.159417,195.3,4.693
-1336,3011,25495,1261,4729,-1408,2019-06-04T19:28:42.000Z,42.496375833,-83.159415833,195.4,4.677
601,-53,3000,-2702,-713,139,2019-06-04T19:28:43.000Z,42.496333833,-83.159410667,195.1,4.592
-535,531,-3410,-305,467,-352,2019-06-04T19:28:44.000Z,42.496295333,-83.159402167,194.7,4.364
-290,-412,-1412,-937,632,-632,2019-06-04T19:28:45.000Z,42.496260167,-83.159394333,193.1,3.851
153,1298,608,-1739,-250,-182,2019-06-04T19:28:46.000Z,42.496216833,-83.159401667,194.5,4.352
117,2135,-5013,1851,-1495,904,2019-06-04T19:28:47.000Z,42.496175333,-83.159409333,195.2,4.554
392,-589,-269,856,-582,514,2019-06-04T19:28:48.000Z,42.496134,-83.159408333,194.8,4.353
-373,-521,22460,-3631,-210,-388,2019-06-04T19:28:49.000Z,42.496092833,-83.159409333,195.4,4.358
-584,-1670,-634,-628,-293,561,2019-06-04T19:28:50.000Z,42.4960555,-83.159411333,195.9,3.618
-2488,1711,-10960,-1043,-1819,1353,2019-06-04T19:28:51.000Z,42.496018833,-83.159417833,197.9,3.941
-297,1009,-3809,-1507,1815,-1230,2019-06-04T19:28:52.000Z,42.495977,-83.159418,198.0,4.65
-913,-199,26098,1118,1220,-674,2019-06-04T19:28:53.000Z,42.495931833,-83.159421,197.5,4.692
158,626,-16316,-5616,386,-1026,2019-06-04T19:28:54.000Z,42.4958875,-83.1594245,197.3,4.887
679,156,-1442,2953,562,-17,2019-06-04T19:28:55.000Z,42.495841,-83.159424,197.6,5.001
107,-405,-1283,-786,1337,-492,2019-06-04T19:28:56.000Z,42.495793667,-83.159420833,197.2,5.176
-965,-369,-623,-590,-886,750,2019-06-04T19:28:57.000Z,42.495746,-83.159416167,196.5,5.158
412,-2346,935,-1198,-651,347,2019-06-04T19:28:58.000Z,42.4956975,-83.159413167,196.6,5.251
-771,259,2930,-3688,557,-155,2019-06-04T19:28:59.000Z,42.495651333,-83.1594085,196.7,4.957
-139,-70,1327,-485,-167,436,2019-06-04T19:29:00.000Z,42.495606333,-83.159402833,196.0,4.877
271,-998,-1635,4761,-687,713,2019-06-04T19:29:01.000Z,42.495556667,-83.159397833,195.5,5.507
-1203,3699,-2588,-2533,537,263,2019-06-04T19:29:02.000Z,42.495511167,-83.1593915,194.7,4.746
217,-1662,3246,430,-523,640,2019-06-04T19:29:03.000Z,42.495478833,-83.159389333,194.3,2.982
2024,-2907,1973,940,-166,-144,2019-06-04T19:29:04.000Z,42.495438,-83.1593865,193.6,4.664
111,-1982,-9368,-2985,-2287,606,2019-06-04T19:29:05.000Z,42.495389,-83.159386833,194.2,5.194
434,166,2713,-3194,-1133,191,2019-06-04T19:29:06.000Z,42.495342667,-83.159379167,193.8,5.049
-1677,1462,-5297,-2346,-1275,-71,2019-06-04T19:29:07.000Z,42.495297167,-83.159374,192.6,4.795
-835,549,-2922,1377,777,-350,2019-06-04T19:29:08.000Z,42.49525,-83.159371667,192.9,4.877
999,639,-1656,-1338,-8,-176,2019-06-04T19:29:09.000Z,42.495202667,-83.1593665,192.7,4.918
-1778,80,-5903,-1163,694,-821,2019-06-04T19:29:10.000Z,42.495156167,-83.159359833,191.9,4.948
-794,172,2094,-2647,-1332,563,2019-06-04T19:29:11.000Z,42.495110333,-83.159355333,192.3,4.776
-1886,-220,-840,-1137,900,389,2019-06-04T19:29:12.000Z,42.495064,-83.159353667,193.4,4.72
569,3047,2255,646,-90,47,2019-06-04T19:29:13.000Z,42.495017,-83.159348333,193.6,4.993
737,-1467,5287,1481,289,607,2019-06-04T19:29:14.000Z,42.494969333,-83.159345,194.1,5.002
534,1211,726,3576,1258,-790,2019-06-04T19:29:15.000Z,42.494919667,-83.1593415,194.1,4.989
-289,3609,22119,4951,1949,-332,2019-06-04T19:29:16.000Z,42.494870667,-83.159338,193.7,5.034
249,2071,-3198,1843,1818,-498,2019-06-04T19:29:17.000Z,42.494821333,-83.159334333,193.5,4.932
-2424,1484,-1957,-560,-1215,716,2019-06-04T19:29:18.000Z,42.494772667,-83.159329667,193.7,5.073
1017,-571,-2103,-225,282,491,2019-06-04T19:29:19.000Z,42.494728,-83.159325833,193.7,4.752
-1592,757,-4583,2102,1303,-482,2019-06-04T19:29:20.000Z,42.494681667,-83.159326,193.7,5.011
-57,-528,-3502,1702,1959,-145,2019-06-04T19:29:21.000Z,42.494633667,-83.159326333,194.0,5.004
-483,1131,-2696,1148,-664,304,2019-06-04T19:29:22.000Z,42.494591833,-83.1593205,192.5,4.673
-263,775,-6538,2754,1579,23,2019-06-04T19:29:23.000Z,42.494545667,-83.159322167,192.6,4.839
-752,-471,-1153,-2591,211,-165,2019-06-04T19:29:24.000Z,42.4945035,-83.159324833,193.3,4.474
569,661,-522,180,-915,-136,2019-06-04T19:29:25.000Z,42.494462667,-83.159322,193.7,4.485
-1420,-813,2329,3343,-308,713,2019-06-04T19:29:26.000Z,42.494422667,-83.159324667,194.4,4.171
-1182,1355,-822,-1889,-1455,87,2019-06-04T19:29:27.000Z,42.494387833,-83.1593305,195.2,3.571
-569,567,-2287,-2169,699,-1005,2019-06-04T19:29:28.000Z,42.4943535,-83.159333,196.1,3.74
-3567,2798,-6073,6073,198,-94,2019-06-04T19:29:29.000Z,42.494317167,-83.159330833,196.5,3.896
-1746,-1067,-3386,-3776,-222,-717,2019-06-04T19:29:30.000Z,42.494283667,-83.159325,196.4,3.351
-158,-733,-3288,404,-123,468,2019-06-04T19:29:31.000Z,42.4942525,-83.159323333,195.9,3.006
562,-1167,1400,651,-3280,924,2019-06-04T19:29:32.000Z,42.494227833,-83.1593305,195.1,2.271
792,924,1683,-1794,-423,-81,2019-06-04T19:29:33.000Z,42.494207333,-83.159329167,194.4,2.113
1686,-6884,14256,-12277,-5773,1944,2019-06-04T19:29:34.000Z,42.494191167,-83.159310333,193.9,2.534
-151,78,-2865,-1302,998,-842,2019-06-04T19:29:35.000Z,42.494180667,-83.159292,193.9,2.131
